    Energy loss, eV  asymmetry_x  asymmetry_y  spindirection  asymmetry
0                10    -0.024115     0.157591       1.418952  15.942503
1                20    -0.023150     0.152008       1.419662  15.376068
2                30    -0.022884     0.150435       1.419834  15.216537
3                40    -0.022263     0.150045       1.423499  15.168785
4                50    -0.022003     0.147930       1.423138  14.955772
5                60    -0.022189     0.146694       1.420675  14.836295
6                70    -0.021752     0.144982       1.421872  14.660463
7                80    -0.021648     0.143487       1.421053  14.511136
8                90    -0.021104     0.141489       1.422731  14.305437
9               100    -0.020856     0.138901       1.421763  14.045790
10              110    -0.020509     0.136400       1.421553  13.793363
11              120    -0.020142     0.133435       1.420979  13.494687
12              130    -0.019973     0.130152       1.418525  13.167564
13              140    -0.019448     0.126513       1.418271  12.799944
14              150    -0.018920     0.122408       1.417443  12.386129
15              160    -0.018377     0.118078       1.416397  11.949954
16              170    -0.017794     0.113267       1.414971  11.465651
17              180    -0.017225     0.108688       1.413619  11.004452