    Energy loss, eV  asymmetry_x  asymmetry_y  spindirection  asymmetry
0                10    -0.017752     0.126957       1.431869  12.819202
1                20    -0.016954     0.122815       1.433617  12.397985
2                30    -0.017744     0.121406       1.425666  12.269599
3                40    -0.017191     0.120269       1.428823  12.149132
4                50    -0.017537     0.119253       1.424789  12.053535
5                60    -0.017102     0.118882       1.427917  12.010600
6                70    -0.017169     0.117315       1.425483  11.856500
7                80    -0.016879     0.116272       1.426634  11.749077
8                90    -0.017052     0.114474       1.422924  11.573715
9               100    -0.016385     0.112431       1.426082  11.361826
10              110    -0.016678     0.110234       1.420640  11.148804
11              120    -0.016771     0.107589       1.416158  10.888839
12              130    -0.016231     0.105005       1.417432  10.625183
13              140    -0.015745     0.101849       1.417415  10.305900
14              150    -0.015568     0.098398       1.413885   9.962207
15              160    -0.015113     0.094618       1.412412   9.581721
16              170    -0.014656     0.091129       1.411336   9.229985
17              180    -0.014671     0.086722       1.403208   8.795395