    Energy loss, eV  asymmetry_x  asymmetry_y  spindirection  asymmetry
0                10    -0.022136     0.200526       1.460850  20.174418
1                20    -0.024935     0.196099       1.444318  19.767825
2                30    -0.025220     0.193377       1.441111  19.501489
3                40    -0.025901     0.191328       1.436242  19.307272
4                50    -0.025977     0.189259       1.434390  19.103374
5                60    -0.025277     0.187454       1.436761  18.915103
6                70    -0.025507     0.184166       1.433171  18.592431
7                80    -0.024999     0.180811       1.433408  18.253105
8                90    -0.024463     0.176988       1.433448  17.867092
9               100    -0.023802     0.172110       1.433373  17.374846
10              110    -0.023086     0.166508       1.433028  16.810065
11              120    -0.022544     0.160640       1.431366  16.221413
12              130    -0.021823     0.153582       1.429649  15.512464
13              140    -0.020470     0.146151       1.431639  14.757768
14              150    -0.019691     0.138325       1.429392  13.972002
15              160    -0.018695     0.130165       1.428147  13.150095
16              170    -0.017759     0.121842       1.426057  12.312930
17              180    -0.016496     0.113479       1.426438  11.467170